$ANSIBLE_VAULT;1.1;AES256
39323030313034383038383535363132313465363830316535363535356665616632633132303166
6530666234356463633661353930343437343761336362310a353361383039343665646164373932
30343830653438663039343165323037323661623861666630306634373563633637323263303830
3439636235303262300a326362313534323261663734313865616436363937663532353364353734
38646566653832333837323138646637653438656664303836613637376462636361323238343032
64656561623565336332646231616536396465636232373266336632356464666565643834336131
63376333383634623437353266643932353762636462393631623866353339316531303862313766
34366535616432306561613133333935663562373366333734336539366631343938333263646233
66616661383763363562623764653134633434356533373137616533353433376263626630373933
36383664393534303064333763623464333139343664613632646437636261336230383332393962
38343337393333663864366263353261623361393661633734323835653465336238383134353864
66353263653865623164326365666561333739386666373761633061633965343232383762316639
39613530373566323532373666393537343932666230616636653262383064343331643563663163
63383237353865393539663338616463323331393362623063306632623136366163346163333964
39363034323430633435613437386538643635326431396533343938313439386563323863613133
66376563396334633438
